0d9b9754-e9f1-3214-94ca-47b62b0a8587:
  casa:
    world: world
    x: -688.8718617228974
    y: 63.0
    z: 228.29588424420044
    yaw: 3.0012512
    pitch: 17.699718
